image: warehouse_speed_mask.png
mode: scale
resolution: 0.050000
origin: [-7.000000, -10.500000, 0.000000]
negate: 0
occupied_thresh: 0.99
free_thresh: 0.01
