image: 100by100_10.pgm
resolution: 0.05
origin: [0.0, 0.000000, 0.000000]
negate: 1
occupied_thresh: 0.65
free_thresh: 0.196
